accumulated_eval_time,accumulated_logging_time,accumulated_submission_time,global_step,preemption_count,score,test/accuracy,test/loss,test/num_examples,total_duration,train/accuracy,train/loss,validation/accuracy,validation/loss,validation/num_examples
35.8830451965332,0.0,58.199917793273926,1,0,58.199917793273926,0.0009000000427477,6.914094924926758,10000,94.08309197425842,0.0010762116871774,6.913994312286377,0.0009199999622069,6.91420841217041,50000
53.88698220252991,0.0269787311553955,568.1809730529785,954,0,568.1809730529785,0.0753000006079673,5.2894792556762695,10000,622.1251299381256,0.1166892498731613,4.730037212371826,0.1076200008392334,4.839669704437256,50000
71.75407886505127,0.0542781352996826,1078.4414658546448,1908,0,1078.4414658546448,0.1886000037193298,4.260527610778809,10000,1150.3106327056885,0.2634127736091614,3.557839870452881,0.2456399947404861,3.699700593948364,50000
89.73848462104797,0.0796680450439453,1588.4908411502838,2863,0,1588.4908411502838,0.2732000052928924,3.664182186126709,10000,1678.4014117717743,0.3939134180545807,2.748512029647827,0.3549599945545196,3.0075573921203613,50000
107.54971742630003,0.1059250831604003,2098.5630843639374,3818,0,2098.5630843639374,0.3246000111103058,3.2945821285247803,10000,2206.342322826385,0.4622727930545807,2.36871337890625,0.4346599876880646,2.5257885456085205,50000
125.39359402656557,0.1314809322357177,2608.872775793076,4778,0,2608.872775793076,0.3684000074863434,2.975703239440918,10000,2734.551788330078,0.5192920565605164,2.075435161590576,0.4839199781417846,2.2556192874908447,50000
143.46525931358337,0.157982587814331,3119.104739665985,5742,0,3119.104739665985,0.3982000052928924,2.865006446838379,10000,3262.9125151634216,0.5555843114852905,1.866276741027832,0.508359968662262,2.1302804946899414,50000
161.540864944458,0.1839323043823242,3629.310100078583,6693,0,3629.310100078583,0.4110000133514404,2.7427895069122314,10000,3791.249943971634,0.6089963316917419,1.6069597005844116,0.5315799713134766,2.013685941696167,50000
179.56386542320251,0.21238374710083,4139.543780326843,7643,0,4139.543780326843,0.4243000149726867,2.684727191925049,10000,4319.565144538879,0.5829878449440002,1.7334662675857544,0.5435400009155273,1.9406585693359373,50000
197.74975037574768,0.2440142631530761,4649.874574422836,8610,0,4649.874574422836,0.443200021982193,2.600421667098999,10000,4848.144656658173,0.6134406924247742,1.5798910856246948,0.5629000067710876,1.849579930305481,50000
215.7668080329895,0.2767653465270996,5159.820349216461,9574,0,5159.820349216461,0.4531000256538391,2.56730318069458,10000,5376.171782255173,0.6369778513908386,1.4783834218978882,0.5825200080871582,1.778014898300171,50000
234.03213930130005,0.3048739433288574,5669.964250564575,10539,0,5669.964250564575,0.4577000141143799,2.516842603683472,10000,5904.63986992836,0.6378945708274841,1.4793634414672852,0.5865600109100342,1.7486116886138916,50000
252.44088768959045,0.3323540687561035,6180.185343265533,11504,0,6180.185343265533,0.4663000106811523,2.482093572616577,10000,6433.328274965286,0.6422991156578064,1.452122688293457,0.5943199992179871,1.7104313373565674,50000
270.5691750049591,0.359743595123291,6690.359270811081,12469,0,6690.359270811081,0.4732000231742859,2.4286646842956543,10000,6961.688638210297,0.66015625,1.371890425682068,0.6004599928855896,1.6770477294921875,50000
288.549348115921,0.3892486095428467,7200.679724216461,13435,0,7200.679724216461,0.4765000343322754,2.422447681427002,10000,7490.049914598465,0.6641820669174194,1.3500051498413086,0.5923199653625488,1.7138404846191406,50000
306.53875494003296,0.4242322444915771,7710.757921934128,14402,0,7710.757921934128,0.4824000298976898,2.360990047454834,10000,8018.183758735657,0.6545957922935486,1.3918575048446655,0.606660008430481,1.6444449424743652,50000
327.3570547103882,0.4505443572998047,8220.860135793686,15368,0,8220.860135793686,0.4809000194072723,2.3833231925964355,10000,8549.161703109741,0.6613520383834839,1.3661744594573977,0.6048200130462646,1.647655725479126,50000
345.65273237228394,0.4821593761444092,8731.023659706116,16323,0,8731.023659706116,0.4880000352859497,2.350095748901367,10000,9077.683033704758,0.674226701259613,1.2866103649139404,0.6112200021743774,1.6209560632705688,50000
363.9221570491791,0.511742353439331,9241.134637117386,17269,0,9241.134637117386,0.4834000170230865,2.356049060821533,10000,9606.123569011688,0.7038623690605164,1.1615606546401978,0.6107000112533569,1.615900635719299,50000
382.3002593517304,0.5433728694915771,9751.502009868622,18204,0,9751.502009868622,0.4868000149726867,2.36043643951416,10000,10134.931015253069,0.6655372977256775,1.337859869003296,0.6090799570083618,1.6133272647857666,50000
404.9310691356659,0.5736041069030762,10261.678949832916,19131,0,10261.678949832916,0.4914000332355499,2.2965455055236816,10000,10667.79894900322,0.6836535334587097,1.2489079236984253,0.6232199668884277,1.5606162548065186,50000
427.5225853919983,0.602653980255127,10771.757580041884,20051,0,10771.757580041884,0.4897000193595886,2.345872640609741,10000,11200.528123378754,0.6963488459587097,1.1966561079025269,0.6173200011253357,1.581003189086914,50000
451.3208076953888,0.631702184677124,11282.1451048851,20975,0,11282.1451048851,0.5004000067710876,2.265549659729004,10000,11734.772752523422,0.6804049611091614,1.2626398801803589,0.6235600113868713,1.5565216541290283,50000
476.3562250137329,0.6581556797027588,11792.36795258522,21891,0,11792.36795258522,0.5024999976158142,2.2733938694000244,10000,12270.08718585968,0.68363356590271,1.2521244287490845,0.6237199902534485,1.5631457567214966,50000
499.9151105880737,0.6928279399871826,12302.367734193802,22812,0,12302.367734193802,0.4946000277996063,2.292423963546753,10000,12803.709933519363,0.6942761540412903,1.2008661031723022,0.6209200024604797,1.5647995471954346,50000
521.9461240768433,0.7253580093383789,12812.35662341118,23727,0,12812.35662341118,0.4950000345706939,2.295009136199951,10000,13335.793010234833,0.6831353306770325,1.2528033256530762,0.6275399923324585,1.5485044717788696,50000
542.9459140300751,0.7554919719696045,13322.503509521484,24638,0,13322.503509521484,0.5042000412940979,2.232682228088379,10000,13867.000467538834,0.6893534660339355,1.223483324050903,0.6300599575042725,1.5180187225341797,50000
562.226503610611,0.786144495010376,13832.882905244827,25547,0,13832.882905244827,0.4948000311851501,2.280510187149048,10000,14396.721365451813,0.6996572017669678,1.1803183555603027,0.6277599930763245,1.5446174144744873,50000
583.0504791736603,0.8216276168823242,14343.233187437056,26455,0,14343.233187437056,0.5,2.2569196224212646,10000,14927.961838006971,0.7308274507522583,1.0566291809082031,0.6322599649429321,1.5259371995925903,50000
605.4729762077332,0.8517055511474609,14853.414842128754,27364,0,14853.414842128754,0.5130000114440918,2.205484628677368,10000,15460.626415014269,0.6973851919174194,1.1903057098388672,0.6422799825668335,1.486175298690796,50000
627.9555099010468,0.8835189342498779,15363.654084444046,28275,0,15363.654084444046,0.4971000254154205,2.332531690597534,10000,15993.410874128342,0.6862045526504517,1.2333935499191284,0.6230799555778503,1.5688488483428955,50000
650.4394702911377,0.9151430130004884,15874.152577638626,29191,0,15874.152577638626,0.5051000118255615,2.2413408756256104,10000,16526.455904722214,0.7200454473495483,1.080417275428772,0.6305599808692932,1.5330569744110107,50000
670.1363859176636,0.9441773891448976,16384.20788884163,30102,0,16384.20788884163,0.503000020980835,2.2759103775024414,10000,17056.26843047142,0.6882772445678711,1.2263059616088867,0.6329999566078186,1.5219417810440063,50000
692.3573513031006,0.9765541553497314,16894.515575408936,31016,0,16894.515575408936,0.5047000050544739,2.2611875534057617,10000,17588.860991239548,0.695711076259613,1.1896874904632568,0.633139967918396,1.5125908851623535,50000
711.6764433383942,1.0075130462646484,17404.845906496048,31927,0,17404.845906496048,0.5111000537872314,2.22302794456482,10000,18118.57211136818,0.7196468114852905,1.085557222366333,0.6413599848747253,1.4764374494552612,50000
730.4675929546356,1.041013479232788,17914.78743314743,32835,0,17914.78743314743,0.4996000230312347,2.267629384994507,10000,18647.36877584457,0.6935786008834839,1.2087767124176023,0.6329999566078186,1.5115958452224731,50000
748.1920139789581,1.0741949081420898,18425.24468231201,33740,0,18425.24468231201,0.5120000243186951,2.2072646617889404,10000,19175.61394262314,0.7021284699440002,1.1669692993164062,0.6384199857711792,1.4875156879425049,50000
765.7588465213776,1.116899013519287,18935.60979485512,34643,0,18935.60979485512,0.5090000033378601,2.216543197631836,10000,19703.62196469307,0.7145846486091614,1.1050139665603638,0.6367999911308289,1.4788330793380735,50000
784.3913598060608,1.1529393196105957,19445.66086292267,35545,0,19445.66086292267,0.5124000310897827,2.192563533782959,10000,20232.37253165245,0.7050382494926453,1.153085231781006,0.644320011138916,1.457032561302185,50000
805.4326763153076,1.188417911529541,19955.783521175385,36443,0,19955.783521175385,0.5277000069618225,2.153336763381958,10000,20763.60273528099,0.7125518321990967,1.1149957180023191,0.6457799673080444,1.4429045915603638,50000
824.155843257904,1.2194969654083252,20465.744711637497,37341,0,20465.744711637497,0.5136000514030457,2.212029933929444,10000,21292.34878087044,0.7144650816917419,1.1075491905212402,0.6417399644851685,1.4809821844100952,50000
841.5974805355072,1.2536513805389404,20975.762640714645,38242,0,20975.762640714645,0.5074000358581543,2.242893934249878,10000,21819.87247443199,0.701171875,1.1706838607788086,0.641539990901947,1.4679149389266968,50000
860.3407740592957,1.2945585250854492,21485.945307970047,39140,0,21485.945307970047,0.5148000121116638,2.190980672836304,10000,22348.86965036392,0.7125717401504517,1.1239471435546875,0.647379994392395,1.4546377658843994,50000
877.4400553703308,1.3298802375793457,21996.2619740963,40036,0,21996.2619740963,0.5131000280380249,2.216891527175904,10000,22876.35114336013,0.713309109210968,1.118882656097412,0.6383399963378906,1.4900102615356443,50000
894.5371055603027,1.372602939605713,22506.64988398552,40931,0,22506.64988398552,0.522100031375885,2.174532651901245,10000,23403.909035921097,0.7115752696990967,1.1311066150665283,0.6430400013923645,1.454913854598999,50000
911.7392642498016,1.4110572338104248,23016.96241760254,41821,0,23016.96241760254,0.5110000371932983,2.2151548862457275,10000,23931.49209523201,0.7103993892669678,1.130930781364441,0.6450600028038025,1.4569700956344604,50000
928.9428894519806,1.4483494758605957,23527.194063663483,42712,0,23527.194063663483,0.5130000114440918,2.2063088417053223,10000,24458.99476957321,0.722098171710968,1.083464741706848,0.6455399990081787,1.4650053977966309,50000
946.158460855484,1.4795966148376465,24037.436361551285,43601,0,24037.436361551285,0.5212000012397766,2.1937077045440674,10000,24986.51399540901,0.7213010191917419,1.075949788093567,0.6464200019836426,1.440882444381714,50000
963.4130859375,1.514909267425537,24547.532840013504,44490,0,24547.532840013504,0.5295000076293945,2.156097650527954,10000,25513.930109024048,0.7118741869926453,1.1066075563430786,0.6517999768257141,1.432300090789795,50000
980.7250497341156,1.5507254600524902,25057.652007102966,45379,0,25057.652007102966,0.5238000154495239,2.1666293144226074,10000,26041.42679977417,0.7268813848495483,1.053798794746399,0.6522799730300903,1.4260362386703491,50000
998.6392421722412,1.585826396942139,25567.768312454224,46266,0,25567.768312454224,0.5218000411987305,2.1686899662017822,10000,26569.52224135399,0.7387794852256775,1.0008940696716309,0.649459958076477,1.4277740716934204,50000
1015.7175509929656,1.6223523616790771,26078.066193580627,47155,0,26078.066193580627,0.5187000036239624,2.1512374877929688,10000,27096.96514582634,0.7098014950752258,1.1195307970046997,0.6495199799537659,1.4271485805511477,50000
1032.9533293247223,1.6578702926635742,26588.1847486496,48042,0,26588.1847486496,0.5228000283241272,2.181530714035034,10000,27624.38463950157,0.7264229655265808,1.0597423315048218,0.6509000062942505,1.4345473051071167,50000
1050.202651262283,1.6950204372406006,27098.3620364666,48929,0,27098.3620364666,0.5192000269889832,2.184026002883911,10000,28151.878838777546,0.7458745241165161,0.9733201265335084,0.6499199867248535,1.4427825212478638,50000
1067.4484045505524,1.7332286834716797,27608.31114792824,49818,0,27608.31114792824,0.5141000151634216,2.227843761444092,10000,28679.14190149308,0.70121169090271,1.1743462085723877,0.6373800039291382,1.505218505859375,50000
1084.7357275485992,1.7703068256378174,28118.610122203827,50708,0,28118.610122203827,0.5227000117301941,2.164368867874145,10000,29206.79523849488,0.7219985723495483,1.0599833726882937,0.6495400071144104,1.4408382177352903,50000
1101.952435255051,1.8102385997772217,28628.60101056099,51595,0,28628.60101056099,0.5241000056266785,2.1458418369293213,10000,29734.07326388359,0.7535873651504517,0.9337590336799622,0.6522600054740906,1.4315214157104492,50000
1119.2053394317627,1.8497531414031985,29138.563938856125,52483,0,29138.563938856125,0.5126000046730042,2.2116081714630127,10000,30261.35859394073,0.7110769748687744,1.1213139295578003,0.6469199657440186,1.4462437629699707,50000
1136.646476984024,1.88817834854126,29648.76652765274,53371,0,29648.76652765274,0.5261000394821167,2.164913415908813,10000,30789.07049942017,0.7292529940605164,1.0259323120117188,0.6545199751853943,1.4145374298095703,50000
1153.9111988544464,1.92664098739624,30159.32000398636,54261,0,30159.32000398636,0.5330000519752502,2.1150708198547363,10000,31316.95685338974,0.7700892686843872,0.858497142791748,0.6579999923706055,1.3884973526000977,50000
1171.116534948349,1.966241836547852,30669.36724495888,55149,0,30669.36724495888,0.5241000056266785,2.1506333351135254,10000,31844.27900958061,0.7205237150192261,1.0764358043670654,0.6567800045013428,1.4021894931793213,50000
1188.3186287879944,2.0062973499298096,31179.502410173416,56036,0,31179.502410173416,0.5333999991416931,2.1176390647888184,10000,32371.686215877533,0.7320033311843872,1.0191082954406738,0.6579599976539612,1.3957120180130005,50000
1205.3967096805573,2.045830488204956,31689.65505599976,56921,0,31689.65505599976,0.5222000479698181,2.170170307159424,10000,32898.986495256424,0.7569754123687744,0.9215848445892334,0.6500399708747864,1.440037727355957,50000
1222.6161909103394,2.086493730545044,32199.70753097534,57808,0,32199.70753097534,0.5304000377655029,2.1288559436798096,10000,33426.329100847244,0.7239118218421936,1.0643107891082764,0.6605799794197083,1.3961395025253296,50000
1239.6077692508698,2.1244142055511475,32709.97818493843,58693,0,32709.97818493843,0.527400016784668,2.14844822883606,10000,33953.65946602821,0.7251673936843872,1.0654182434082031,0.6528199911117554,1.4218952655792236,50000
1256.817975282669,2.1631839275360107,33220.0641040802,59580,0,33220.0641040802,0.5362000465393066,2.087463855743408,10000,34481.02401828766,0.7749720811843872,0.8558351993560791,0.6646999716758728,1.3562467098236084,50000
1273.821371793747,2.2045743465423584,33730.508712530136,60465,0,33730.508712530136,0.527999997138977,2.121343851089477,10000,35008.5429213047,0.7231943607330322,1.0671205520629885,0.6596399545669556,1.395555019378662,50000
1290.93705701828,2.251018047332764,34240.53487730026,61351,0,34240.53487730026,0.5362000465393066,2.106906175613404,10000,35535.76142907143,0.7396962642669678,0.9832746386528016,0.6624799966812134,1.3772618770599363,50000
1308.1182236671448,2.29024338722229,34750.783588409424,62236,0,34750.783588409424,0.5336000323295593,2.1058614253997803,10000,36063.26105952263,0.7687539458274841,0.8606298565864563,0.6597599983215332,1.3773866891860962,50000
1325.355751991272,2.330991268157959,35261.088614702225,63122,0,35261.088614702225,0.5303000211715698,2.107255458831787,10000,36590.87644767761,0.7305883169174194,1.039901614189148,0.6634199619293213,1.3792821168899536,50000
1342.55437374115,2.3720219135284424,35771.39188909531,64009,0,35771.39188909531,0.5370000004768372,2.087451219558716,10000,37118.44955539704,0.7420080900192261,0.9736725687980652,0.6671000123023987,1.3538291454315186,50000
1360.0586433410645,2.431579351425171,36281.334334373474,64895,0,36281.334334373474,0.5332000255584717,2.114307880401612,10000,37645.98621559143,0.7714046239852905,0.8618409633636475,0.6615399718284607,1.3771650791168213,50000
1377.3789281845093,2.475287437438965,36791.60527396202,65780,0,36791.60527396202,0.5430000424385071,2.07310438156128,10000,38173.65175819397,0.7405930757522583,0.9935547709465028,0.6721799969673157,1.3369920253753662,50000
1394.648387670517,2.517054796218872,37302.036029577255,66667,0,37302.036029577255,0.5369000434875488,2.113152265548706,10000,38701.42397522926,0.7467713356018066,0.9567360281944276,0.6692000031471252,1.3552829027175903,50000
1411.7832596302032,2.5606884956359863,37812.34123563767,67553,0,37812.34123563767,0.5533000230789185,2.034731388092041,10000,39228.937965631485,0.7742346525192261,0.8438149094581604,0.6657800078392029,1.3532356023788452,50000
1429.0678045749664,2.60188627243042,38322.61721467972,68438,0,38322.61721467972,0.5353000164031982,2.111128807067871,10000,39756.56947684288,0.7344746589660645,1.0102415084838867,0.6642799973487854,1.3622419834136963,50000
1446.0964965820312,2.646165370941162,38832.6772069931,69320,0,38832.6772069931,0.5372000336647034,2.1157238483428955,10000,40283.732557058334,0.7384805083274841,1.0042588710784912,0.6604200005531311,1.3934017419815063,50000
1463.8706028461456,2.6884653568267822,39342.994575977325,70204,0,39342.994575977325,0.5383000373840332,2.0839507579803467,10000,40811.8962533474,0.7777822017669678,0.8357549905776978,0.6700599789619446,1.3412840366363523,50000
1481.2313907146454,2.732787132263184,39852.99528384209,71089,0,39852.99528384209,0.5521000027656555,2.022841215133667,10000,41339.33211374283,0.7433235049247742,0.9759904146194458,0.6758399605751038,1.3245426416397097,50000
1498.4325444698334,2.7749011516571045,40363.26295351982,71976,0,40363.26295351982,0.5481000542640686,2.026851177215576,10000,41866.87308645248,0.754304826259613,0.9306774139404296,0.674839973449707,1.3270233869552612,50000
1515.6534824371338,2.8204891681671143,40873.47155165672,72861,0,40873.47155165672,0.5468000173568726,2.048384189605713,10000,42394.37821412087,0.7835419178009033,0.8140538334846497,0.6772800087928772,1.3247826099395752,50000
1532.916479587555,2.86663031578064,41383.62860918045,73748,0,41383.62860918045,0.5475000143051147,2.0454094409942627,10000,42921.87466788292,0.7481066584587097,0.9539173245429992,0.6794599890708923,1.3062310218811035,50000
1549.9725482463837,2.9096322059631348,41893.95491862297,74635,0,41893.95491862297,0.5526000261306763,2.0552330017089844,10000,43449.33002758026,0.7534478306770325,0.9295552968978882,0.6710399985313416,1.3359295129776,50000
1567.1576645374298,2.954476118087769,42404.12588882446,75521,0,42404.12588882446,0.544700026512146,2.082977533340454,10000,43976.76022863388,0.769949734210968,0.861688494682312,0.6628400087356567,1.3729496002197266,50000
1584.3814067840576,2.9980039596557617,42914.0666615963,76405,0,42914.0666615963,0.5419000387191772,2.074350595474243,10000,44503.998690366745,0.7406130433082581,0.979993224143982,0.6723799705505371,1.3327900171279907,50000
1601.4488639831543,3.0400755405426025,43424.49380898476,77291,0,43424.49380898476,0.5493000149726868,2.05311131477356,10000,45031.565459012985,0.7562978267669678,0.9136150479316713,0.6711199879646301,1.3346216678619385,50000
1618.6629405021667,3.1010007858276367,43934.67210960388,78178,0,43934.67210960388,0.5445000529289246,2.053055047988892,10000,45559.048379182816,0.7755101919174194,0.8404929041862488,0.6725999712944031,1.3427311182022097,50000
1635.8928034305573,3.1464269161224365,44444.64172077179,79063,0,44444.64172077179,0.5548000335693359,2.0191433429718018,10000,46086.32339191437,0.7538264989852905,0.9246633052825928,0.6799600124359131,1.2958003282546997,50000
1653.1831126213074,3.194978952407837,44954.921830415726,79949,0,44954.921830415726,0.5498000383377075,2.047070264816284,10000,46613.97247982025,0.7571149468421936,0.9154489040374756,0.6779400110244751,1.3161107301712036,50000
1670.4075560569763,3.2376554012298584,45465.193497657776,80837,0,45465.193497657776,0.5509999990463257,2.03473162651062,10000,47141.54136013985,0.7829241156578064,0.811580240726471,0.6764000058174133,1.3048193454742432,50000
1687.5326867103577,3.2816762924194336,45975.47531867027,81724,0,45975.47531867027,0.5527000427246094,2.04144549369812,10000,47669.02272748947,0.7564373016357422,0.9151636958122252,0.6797199845314026,1.308747410774231,50000
1704.8473844528198,3.325181722640991,46485.66643214226,82610,0,46485.66643214226,0.5437000393867493,2.080012321472168,10000,48196.60196638107,0.75199294090271,0.9284173250198364,0.6733999848365784,1.3327178955078125,50000
1722.07027053833,3.371901750564575,46995.96928858757,83496,0,46995.96928858757,0.5494000315666199,2.017224073410034,10000,48724.20511293411,0.7857341766357422,0.7995062470436096,0.6836400032043457,1.2855727672576904,50000
1739.5053174495697,3.418752670288086,47506.281274318695,84382,0,47506.281274318695,0.5488000512123108,2.014442205429077,10000,49252.02935266495,0.7641502022743225,0.8856900334358215,0.6835199594497681,1.2859525680541992,50000
1756.8661625385284,3.464929819107056,48016.27376937866,85268,0,48016.27376937866,0.5560000538825989,2.0018310546875,10000,49779.45839357376,0.7693917155265808,0.8587560057640076,0.6870999932289124,1.2735074758529663,50000
1774.1405725479126,3.503351211547852,48526.2977938652,86153,0,48526.2977938652,0.5455000400543213,2.06012225151062,10000,50306.82531285286,0.7741948366165161,0.8334645628929138,0.6721599698066711,1.34021258354187,50000
1791.1972649097445,3.563015937805176,49036.6572265625,87038,0,49036.6572265625,0.5521000027656555,2.0357367992401123,10000,50834.33135175705,0.7564373016357422,0.9187088012695312,0.678339958190918,1.300407886505127,50000
1808.603414297104,3.6076393127441406,49547.11473631859,87925,0,49547.11473631859,0.5635000467300415,1.9756665229797363,10000,51362.26954007149,0.7736966013908386,0.843745768070221,0.6882799863815308,1.264631271362305,50000
1825.599338054657,3.654508590698242,50057.06547474861,88811,0,50057.06547474861,0.5603000521659851,1.9738762378692627,10000,51889.29260087013,0.7931879758834839,0.7668717503547668,0.6858800053596497,1.2784212827682495,50000
1842.5730221271515,3.700886487960816,50567.19426512718,89696,0,50567.19426512718,0.5621000528335571,1.99032998085022,10000,52416.47184419632,0.7690529227256775,0.8578552007675171,0.6875199675559998,1.263357162475586,50000
1859.9055588245392,3.7465105056762695,51077.12872934341,90582,0,51077.12872934341,0.5649999976158142,1.9582586288452148,10000,52943.8141553402,0.7759287357330322,0.8392832279205322,0.6888999938964844,1.2554577589035034,50000
1877.7533226013184,3.794492721557617,51587.20091247559,91469,0,51587.20091247559,0.5603000521659851,1.979849934577942,10000,53471.81174921989,0.7947026491165161,0.7593148350715637,0.6874200105667114,1.2711842060089111,50000
1894.821133375168,3.840888977050781,52097.396384477615,92355,0,52097.396384477615,0.5611000061035156,1.9987356662750244,10000,53999.15126466751,0.76273512840271,0.8813843131065369,0.6864199638366699,1.275153875350952,50000
1912.0508530139923,3.887326002120972,52607.41707611084,93240,0,52607.41707611084,0.5515000224113464,2.014429807662964,10000,54526.47853970528,0.7680165767669678,0.8572192192077637,0.6872999668121338,1.2740918397903442,50000
1929.253992795944,3.934307098388672,53117.37779998779,94125,0,53117.37779998779,0.5580000281333923,1.998026847839356,10000,55053.71943044663,0.7978315949440002,0.7503761649131775,0.6863200068473816,1.2695785760879517,50000
1946.292854070664,3.9835262298583984,53627.514246463776,95013,0,53627.514246463776,0.5615000128746033,2.001380920410156,10000,55580.97356796265,0.7681560516357422,0.8807873725891113,0.6866999864578247,1.2755078077316284,50000
1963.3432800769808,4.029711723327637,54137.85519075394,95900,0,54137.85519075394,0.5659000277519226,1.9622151851654053,10000,56108.440673828125,0.7764468789100647,0.8260061144828796,0.6908199787139893,1.2513246536254885,50000
1980.6288282871249,4.079227685928345,54647.815762758255,96786,0,54647.815762758255,0.5732000470161438,1.943990707397461,10000,56635.76666760445,0.8051857352256775,0.7266605496406555,0.692579984664917,1.2423850297927856,50000
1997.657482624054,4.129230976104736,55158.037261009216,97674,0,55158.037261009216,0.5644000172615051,1.9654563665390008,10000,57163.097212314606,0.7718231678009033,0.8421911597251892,0.6935999989509583,1.2408335208892822,50000
2014.7772238254547,4.177656650543213,55667.98262453079,98561,0,55667.98262453079,0.5639000535011292,1.93999457359314,10000,57690.24088978768,0.7870694994926453,0.7680063843727112,0.6932199597358704,1.2272785902023315,50000
2031.922333478928,4.224826097488403,56177.91643238068,99447,0,56177.91643238068,0.5610000491142273,1.996709227561951,10000,58217.39687633514,0.792390763759613,0.7613775730133057,0.6881200075149536,1.26319420337677,50000
2048.979203224182,4.272584438323975,56688.19089078903,100333,0,56688.19089078903,0.5738000273704529,1.920713186264038,10000,58744.80671095848,0.7819674611091614,0.8075416684150696,0.6967999935150146,1.222286343574524,50000
2066.174421787262,4.321655988693237,57198.2630841732,101220,0,57198.2630841732,0.5776000022888184,1.9203510284423828,10000,59272.15301799774,0.7928093075752258,0.7653908729553223,0.6998199820518494,1.213636875152588,50000
2084.345495223999,4.3694164752960205,57708.77485704422,102105,0,57708.77485704422,0.5753000378608704,1.916845798492432,10000,59800.91455101967,0.806640625,0.7032860517501831,0.6987800002098083,1.2193119525909424,50000
2101.526810884476,4.4148924350738525,58218.84350466728,102992,0,58218.84350466728,0.5681000351905823,1.937941074371338,10000,60328.23992991448,0.7874680757522583,0.7862079739570618,0.700719952583313,1.209701418876648,50000
2118.785173892975,4.4627532958984375,58729.034732580185,103878,0,58729.034732580185,0.567300021648407,1.963545560836792,10000,60855.767109155655,0.791035532951355,0.764568567276001,0.693560004234314,1.2391401529312134,50000
2136.1080787181854,4.517918348312378,59239.02154803276,104763,0,59239.02154803276,0.5707000494003296,1.902828574180603,10000,61383.16217303276,0.8149114847183228,0.6813363432884216,0.7008399963378906,1.201223373413086,50000
2153.4142079353333,4.567926406860352,59749.28145480156,105650,0,59749.28145480156,0.5715000033378601,1.939938187599182,10000,61910.80856227875,0.785574734210968,0.7827022075653076,0.7032399773597717,1.2140461206436155,50000
2170.4548585414886,4.617299556732178,60259.48917937279,106536,0,60259.48917937279,0.5703000426292419,1.96049964427948,10000,62438.13665246964,0.7931082248687744,0.7483659982681274,0.6994799971580505,1.227375864982605,50000
2187.4693236351013,4.697393417358398,60769.60604739189,107420,0,60769.60604739189,0.5752000212669373,1.9175115823745728,10000,62965.37886214256,0.8146922588348389,0.6720987558364868,0.7020399570465088,1.2019870281219482,50000
2204.761766910553,4.746762752532959,61279.81812095642,108304,0,61279.81812095642,0.5692000389099121,1.9562833309173584,10000,63492.96344637871,0.7895009517669678,0.777846097946167,0.700219988822937,1.2126693725585938,50000
2222.0048542022705,4.80392599105835,61790.14012479782,109190,0,61790.14012479782,0.5748000144958496,1.9425641298294067,10000,64020.61572957039,0.7998046875,0.7311105132102966,0.7039600014686584,1.2047312259674072,50000
2239.417464733124,4.8584959506988525,62300.26736593247,110076,0,62300.26736593247,0.578000009059906,1.92275619506836,10000,64548.24072384834,0.8165656924247742,0.6622222661972046,0.7039999961853027,1.2047899961471558,50000
2256.635489463806,4.908284902572632,62810.44424676895,110963,0,62810.44424676895,0.5761000514030457,1.9194175004959104,10000,65075.71508908272,0.7993263602256775,0.7334709763526917,0.7055599689483643,1.1953104734420776,50000
2273.6307673454285,4.958468437194824,63320.79430127144,111851,0,63320.79430127144,0.5843000411987305,1.902375340461731,10000,65603.14037966728,0.8059829473495483,0.7001355290412903,0.7071399688720703,1.1994253396987915,50000
2290.85408782959,5.007070064544678,63831.144525289536,112736,0,63831.144525289536,0.5767000317573547,1.911768674850464,10000,66130.79277873039,0.8242785334587097,0.6346225738525391,0.7061399817466736,1.1907634735107422,50000
2308.164778709412,5.060577869415283,64341.43944311142,113622,0,64341.43944311142,0.5829000473022461,1.8859668970108032,10000,66658.48213672638,0.8064413070678711,0.7066990733146667,0.7086399793624878,1.188237190246582,50000
2326.131175518036,5.109904050827026,64851.40142059326,114509,0,64851.40142059326,0.5734000205993652,1.917823314666748,10000,67186.489839077,0.8112244606018066,0.6842787265777588,0.7070199847221375,1.1849466562271118,50000
2343.2978942394257,5.162492990493774,65361.83897519112,115396,0,65361.83897519112,0.578000009059906,1.933584213256836,10000,67714.17652392387,0.8245575428009033,0.6359474062919617,0.7094799876213074,1.195866346359253,50000
2360.36323595047,5.2115983963012695,65871.82192516327,116282,0,65871.82192516327,0.5770000219345093,1.920262217521668,10000,68241.30365610123,0.809012234210968,0.7012876272201538,0.7081199884414673,1.1864465475082395,50000
2377.459419965744,5.267610549926758,66382.16718506813,117168,0,66382.16718506813,0.5834000110626221,1.894181489944458,10000,68768.83114385605,0.8131377100944519,0.678942084312439,0.7076199650764465,1.1876229047775269,50000
2394.629286766052,5.320639848709106,66892.30270171165,118052,0,66892.30270171165,0.5857000350952148,1.876743197441101,10000,69296.21932339668,0.8334861397743225,0.5983928442001343,0.7101199626922607,1.1753075122833252,50000
2411.8439428806305,5.372992992401123,67402.61853861809,118939,0,67402.61853861809,0.5755000114440918,1.9377378225326536,10000,69823.8324303627,0.8025749325752258,0.7204393744468689,0.705299973487854,1.2054675817489624,50000
2428.9095628261566,5.42710542678833,67912.63767194748,119823,0,67912.63767194748,0.591200053691864,1.8816512823104856,10000,70351.00087356567,0.8182995915412903,0.6513672471046448,0.7105199694633484,1.1715087890625,50000
2446.020510911941,5.478219032287598,68423.08178782463,120709,0,68423.08178782463,0.5803000330924988,1.907793402671814,10000,70878.63658618927,0.8369937539100647,0.5732973217964172,0.7164999842643738,1.1665916442871094,50000
2463.2398030757904,5.531592130661011,68933.18163728714,121596,0,68933.18163728714,0.5832000374794006,1.9035322666168213,10000,71406.0391664505,0.8176418542861938,0.6522175669670105,0.715939998626709,1.1531643867492676,50000
2480.49845123291,5.585644721984863,69443.30668115616,122483,0,69443.30668115616,0.5861999988555908,1.889365315437317,10000,71933.50681185722,0.8275071382522583,0.6193978190422058,0.7157399654388428,1.1502394676208496,50000
2497.5866928100586,5.6414878368377686,69953.72797584534,123370,0,69953.72797584534,0.5914000272750854,1.88856303691864,10000,72461.1018435955,0.8441286683082581,0.554480254650116,0.7192800045013428,1.155198574066162,50000
2514.8035638332367,5.712891578674316,70464.00581216812,124256,0,70464.00581216812,0.5799000263214111,1.908238410949707,10000,72988.69790387154,0.819355845451355,0.6552266478538513,0.7111799716949463,1.1760886907577517,50000
2531.847326040268,5.766200065612793,70974.33130383492,125143,0,70974.33130383492,0.5889000296592712,1.8728169202804563,10000,73516.15027737617,0.8343630433082581,0.5858651399612427,0.7170400023460388,1.1480507850646973,50000
2549.0381424427032,5.8194499015808105,71484.31555914879,126029,0,71484.31555914879,0.5966000556945801,1.8474459648132324,10000,74043.40828967094,0.8494898080825806,0.5355993509292603,0.720579981803894,1.1395199298858645,50000
2566.2790970802307,5.871589422225952,71994.29254055023,126914,0,71994.29254055023,0.5910000205039978,1.869366884231568,10000,74570.70810818672,0.8348014950752258,0.5908769369125366,0.7182199954986572,1.1470929384231567,50000
2583.3679027557373,5.929607629776001,72504.47762417793,127799,0,72504.47762417793,0.5951000452041626,1.8603360652923584,10000,75098.07013607025,0.8410594463348389,0.5630199313163757,0.7232799530029297,1.1206597089767456,50000
2600.4147033691406,5.984933376312256,73014.60097694397,128685,0,73014.60097694397,0.5990000367164612,1.837323546409607,10000,75625.32537078857,0.8535953164100647,0.5122765898704529,0.7191999554634094,1.145990014076233,50000
2617.5470094680786,6.040451526641846,73524.75542497635,129570,0,73524.75542497635,0.5920000076293945,1.857704401016236,10000,76152.69804883003,0.8362364172935486,0.5812838077545166,0.7195599675178528,1.1410746574401855,50000
2634.5894808769226,6.113539934158325,74034.68187046051,130455,0,74034.68187046051,0.5892000198364258,1.8857790231704712,10000,76679.76998901367,0.8460618257522583,0.5420584678649902,0.7214999794960022,1.1492420434951782,50000
2651.7420654296875,6.169162273406982,74544.81802248955,131339,0,74544.81802248955,0.594700038433075,1.8731850385665887,10000,77207.14453053474,0.8565847873687744,0.5051106214523315,0.7232799530029297,1.131115436553955,50000
2668.8715674877167,6.221868753433228,75054.98495292664,132225,0,75054.98495292664,0.6027000546455383,1.8180311918258667,10000,77734.52388978004,0.8479352593421936,0.5334810614585876,0.7252999544143677,1.1183007955551147,50000
2686.14431142807,6.279298067092896,75565.3596599102,133110,0,75565.3596599102,0.598300039768219,1.84508752822876,10000,78262.25913453102,0.8562459945678711,0.5140209197998047,0.7251399755477905,1.1218639612197876,50000
2703.304996728897,6.33598780632019,76075.31954360008,133995,0,76075.31954360008,0.5954000353813171,1.8790137767791748,10000,78789.46708536148,0.867207407951355,0.4593628048896789,0.7265200018882751,1.1263748407363892,50000
2720.418441295624,6.391577482223511,76585.61039710045,134881,0,76585.61039710045,0.5976000428199768,1.833530306816101,10000,79316.95721077919,0.8592354655265808,0.4919990003108978,0.7274799942970276,1.1166434288024902,50000
2737.383322954178,6.448652029037476,77095.77427864075,135766,0,77095.77427864075,0.5984000563621521,1.8485840559005733,10000,79844.17308473587,0.8621252775192261,0.4870973527431488,0.7299399971961975,1.1199520826339722,50000
2755.286196231842,6.508830308914185,77605.8860771656,136651,0,77605.8860771656,0.6053000092506409,1.8315293788909912,10000,80372.27782773972,0.87113356590271,0.4517372250556946,0.7269399762153625,1.123794436454773,50000
2772.414748430252,6.564228534698486,78115.8840918541,137536,0,78115.8840918541,0.602400004863739,1.8387514352798464,10000,80899.48982572556,0.8611288070678711,0.485343724489212,0.7309799790382385,1.099262237548828,50000
2789.6330971717834,6.619731903076172,78626.20118045807,138419,0,78626.20118045807,0.6046000123023987,1.8441197872161863,10000,81427.11086082458,0.8689612150192261,0.4557497501373291,0.7290999889373779,1.106220841407776,50000
2806.559590101242,6.676069736480713,79136.66966366768,139306,0,79136.66966366768,0.6057000160217285,1.84266996383667,10000,81954.59213066101,0.8799625039100647,0.4226355850696563,0.7283999919891357,1.129095196723938,50000
2823.598677158356,6.737271070480347,79646.73367404938,140191,0,79646.73367404938,0.6023000478744507,1.849697947502136,10000,82481.78641462326,0.8720105290412903,0.4439457356929779,0.7293999791145325,1.1091426610946655,50000
2840.705507516861,6.794145107269287,80156.7946152687,141078,0,80156.7946152687,0.5985000133514404,1.86801278591156,10000,83009.04143452644,0.8695192933082581,0.4490959942340851,0.7292599678039551,1.1156721115112305,50000
2857.870488405228,6.852278232574463,80666.77054595947,141962,0,80666.77054595947,0.6032000184059143,1.840058445930481,10000,83536.27085351944,0.8856026530265808,0.3999013304710388,0.7328999638557434,1.1013543605804443,50000
2875.041527748108,6.909810781478882,81177.24535274506,142849,0,81177.24535274506,0.6096000075340271,1.820757508277893,10000,84064.004144907,0.881277859210968,0.4082887172698974,0.736519992351532,1.0890237092971802,50000
2892.039003610611,6.966673135757446,81687.54771828651,143732,0,81687.54771828651,0.6095000505447388,1.827977418899536,10000,84591.39150691032,0.8844467401504517,0.3955377042293548,0.7347999811172485,1.1023191213607788,50000
2909.286029815674,7.024539947509766,82197.84720015526,144614,0,82197.84720015526,0.609000027179718,1.842005729675293,10000,85119.02657008171,0.8884924650192261,0.3856952488422394,0.7311999797821045,1.1157903671264648,50000
2926.442549467087,7.112869024276733,82708.14611148834,145498,0,82708.14611148834,0.6105000376701355,1.835359692573548,10000,85646.60096621513,0.8844666481018066,0.3962464034557342,0.7331799864768982,1.1124556064605713,50000
2943.4070811271667,7.171692371368408,83218.5879957676,146383,0,83218.5879957676,0.6119000315666199,1.802405953407288,10000,86174.09615826607,0.8919204473495483,0.3736993074417114,0.7374799847602844,1.0821211338043213,50000
2960.329268693924,7.231399774551392,83728.75248336792,147267,0,83728.75248336792,0.6116000413894653,1.8150664567947388,10000,86701.27289628983,0.9009087681770324,0.3371283113956451,0.7365999817848206,1.0823103189468384,50000
2977.4771666526794,7.294586896896362,84239.02415013313,148152,0,84239.02415013313,0.6154000163078308,1.7987840175628662,10000,87228.78615880013,0.8918406963348389,0.3753036856651306,0.7382400035858154,1.0931696891784668,50000
2994.5648908615112,7.353135347366333,84749.3325893879,149038,0,84749.3325893879,0.6061000227928162,1.84184730052948,10000,87756.27107453346,0.8944514989852905,0.3702653348445892,0.7341799736022949,1.1049185991287231,50000
3011.596829891205,7.410506725311279,85259.71041154861,149924,0,85259.71041154861,0.619100034236908,1.8052866458892824,10000,88283.76804161072,0.9141621589660645,0.3024097979068756,0.7396799921989441,1.082606315612793,50000
3028.5182263851166,7.470227003097534,85769.89735913277,150808,0,85769.89735913277,0.6163000464439392,1.8180012702941888,10000,88810.96621441841,0.9038783311843872,0.3315074741840362,0.7423399686813354,1.0789326429367063,50000
3045.5601782798767,7.528170585632324,86280.28693509102,151694,0,86280.28693509102,0.619700014591217,1.826761603355408,10000,89338.48596477509,0.9050342440605164,0.3205301463603973,0.7400599718093872,1.0853227376937866,50000
3062.733068704605,7.591187953948975,86790.4654905796,152578,0,86790.4654905796,0.6186000108718872,1.8358471393585205,10000,89865.93045592308,0.912707269191742,0.2985065877437591,0.7404599785804749,1.0777937173843384,50000
3079.974777698517,7.650532722473144,87300.41330075264,153463,0,87300.41330075264,0.6140000224113464,1.8588578701019287,10000,90393.20958542824,0.9082828164100648,0.3105145692825317,0.7408799529075623,1.0911437273025513,50000
3097.0391702651978,7.712797164916992,87810.71686291695,154348,0,87810.71686291695,0.6166000366210938,1.8286259174346924,10000,90920.66978287695,0.9126474857330322,0.3009145259857178,0.7396799921989441,1.0832263231277466,50000
3114.249575853348,7.771677494049072,88320.88986945152,155232,0,88320.88986945152,0.6162000298500061,1.826854944229126,10000,91448.14163327216,0.9217952489852904,0.2694699466228485,0.7400999665260315,1.088851809501648,50000
3131.350471973419,7.833105087280273,88830.85219144821,156117,0,88830.85219144821,0.6152000427246094,1.839301824569702,10000,91975.29661750792,0.9194834232330322,0.2828313112258911,0.7433599829673767,1.086749792098999,50000
3148.429080247879,7.894537925720215,89340.85692501068,157000,0,89340.85692501068,0.6171000003814697,1.8415378332138064,10000,92502.47162771224,0.9209582209587096,0.2723135650157928,0.7437799572944641,1.0830856561660769,50000
3165.4236199855804,7.9533491134643555,89850.94043540955,157884,0,89850.94043540955,0.6199000477790833,1.8142125606536863,10000,93029.63881516457,0.9305444359779358,0.239420861005783,0.7455999851226807,1.0734468698501587,50000
3182.75541639328,8.012810945510864,90361.25005292892,158770,0,90361.25005292892,0.6196000576019287,1.838306307792664,10000,93557.36951446532,0.9251036047935486,0.2616827487945556,0.7448199987411499,1.0775707960128784,50000
3200.617441892624,8.074862480163574,90871.64811110497,159655,0,90871.64811110497,0.6212000250816345,1.8281110525131223,10000,94085.72110533714,0.9267578125,0.2505662143230438,0.7451199889183044,1.076014757156372,50000
3217.6925971508026,8.134980201721191,91382.05503344536,160540,0,91382.05503344536,0.6234000325202942,1.814987540245056,10000,94613.2939286232,0.9338527917861938,0.230159506201744,0.7456799745559692,1.0693057775497437,50000
3234.720160007477,8.1978280544281,91892.11307048798,161424,0,91892.11307048798,0.6210000514984131,1.8324906826019287,10000,95140.47224497797,0.931859850883484,0.2330561578273773,0.7475000023841858,1.0765061378479004,50000
3251.785155773163,8.249080181121826,92402.34895777702,162309,0,92402.34895777702,0.6239000558853149,1.8205729722976685,10000,95667.85427236556,0.9341118931770324,0.2293030470609665,0.748479962348938,1.0606926679611206,50000
3268.684451580048,8.319323301315308,92912.56067061424,163195,0,92912.56067061424,0.6224000453948975,1.819318413734436,10000,96195.06566929816,0.9411072731018066,0.2061044424772262,0.7482999563217163,1.0631183385849,50000
3285.7725007534027,8.382306814193726,93422.47426891328,164078,0,93422.47426891328,0.6259000301361084,1.8242892026901243,10000,96722.16036391258,0.939074456691742,0.2155344188213348,0.7492199540138245,1.0653284788131714,50000
3302.8420197963715,8.451172351837158,93932.78139209747,164965,0,93932.78139209747,0.6285000443458557,1.8089591264724727,10000,97249.63557815552,0.9410076141357422,0.209244042634964,0.7497999668121338,1.0602140426635742,50000
3319.9735934734344,8.51011347770691,94443.06028079988,165849,0,94443.06028079988,0.6266000270843506,1.8111363649368288,10000,97777.13503408432,0.945950210094452,0.188258484005928,0.7507599592208862,1.0638034343719482,50000
3336.869771718979,8.573322296142578,94953.36182665823,166736,0,94953.36182665823,0.6224000453948975,1.836380124092102,10000,98304.42561411858,0.9457907676696776,0.1952118873596191,0.7504199743270874,1.062852382659912,50000
3353.789551258087,8.637260675430298,95463.68050813676,167625,0,95463.68050813676,0.6265000104904175,1.8197243213653564,10000,98831.75844621658,0.9442561864852904,0.1960222274065017,0.7515000104904175,1.0616227388381958,50000
3370.5735704898834,8.697275876998901,95973.85085248949,168513,0,95973.85085248949,0.6254000067710876,1.8240169286727903,10000,99358.80329847336,0.949418008327484,0.1820214837789535,0.7512199878692627,1.0582120418548584,50000
3387.483810901642,8.760237693786621,96483.91434764862,169401,0,96483.91434764862,0.6238000392913818,1.8132368326187127,10000,99885.86991548538,0.9503746628761292,0.1830566674470901,0.7526400089263916,1.0532419681549072,50000
3404.432091712952,8.82234787940979,96994.09623360634,170289,0,96994.09623360634,0.6272000074386597,1.8165428638458248,10000,100413.0926399231,0.9526865482330322,0.175525277853012,0.752079963684082,1.0550954341888428,50000
3421.300014257431,8.888995885848999,97504.13104319572,171174,0,97504.13104319572,0.6296000480651855,1.81029212474823,10000,100940.09224653244,0.9545997977256776,0.1696976870298385,0.7535600066184998,1.0510104894638062,50000
3438.1208806037903,8.95111083984375,98014.4485900402,172062,0,98014.4485900402,0.6284000277519226,1.812517046928405,10000,101467.32251381874,0.9535634517669678,0.1706771999597549,0.7530999779701233,1.053351640701294,50000
3454.959497213364,9.017374992370604,98524.66449809074,172951,0,98524.66449809074,0.628600001335144,1.807500123977661,10000,101994.47299575806,0.9526466727256776,0.169467031955719,0.7547799944877625,1.0506430864334106,50000
3471.8364436626434,9.079789400100708,99034.89993333817,173838,0,99034.89993333817,0.6271000504493713,1.816763997077942,10000,102521.67756390572,0.9567721486091614,0.1602015048265457,0.7525999546051025,1.056586742401123,50000
3488.8017325401306,9.14468502998352,99545.29924154282,174725,0,99545.29924154282,0.6300000548362732,1.8160656690597528,10000,103049.1372010708,0.9569315910339355,0.1615559309720993,0.7543399930000305,1.050492525100708,50000
3505.800651073456,9.212019443511965,100055.57855319975,175612,0,100055.57855319975,0.628000020980835,1.809614896774292,10000,103576.5128877163,0.9560148119926452,0.16201151907444,0.7548199892044067,1.046540379524231,50000
3522.7454686164856,9.275232553482056,100565.82735466956,176500,0,100565.82735466956,0.6292000412940979,1.809438705444336,10000,104103.79975485802,0.9587451815605164,0.1539165377616882,0.7538599967956543,1.0483258962631226,50000
3539.801928043365,9.340768337249756,101076.02605342864,177385,0,101076.02605342864,0.6279000043869019,1.8160181045532229,10000,104631.15065574646,0.9572703838348388,0.1552483141422271,0.7549399733543396,1.0496920347213743,50000
3556.787912845612,9.404977798461914,101586.09715795516,178273,0,101586.09715795516,0.629800021648407,1.8125666379928589,10000,105158.30255103113,0.958386480808258,0.1534048914909362,0.7548999786376953,1.0477131605148315,50000
3573.7500751018524,9.47239089012146,102096.12463760376,179161,0,102096.12463760376,0.629800021648407,1.8140239715576167,10000,105685.3899307251,0.9598214030265808,0.1497914493083953,0.7554000020027161,1.0462645292282104,50000
3590.5613090991974,9.53645920753479,102606.10655355452,180049,0,102606.10655355452,0.6273000240325928,1.8111172914505005,10000,106212.27772259712,0.9620535373687744,0.1431960314512252,0.7555399537086487,1.046950340270996,50000
3607.414341926575,9.602075099945068,103116.5294995308,180938,0,103116.5294995308,0.6299000382423401,1.8131628036499023,10000,106739.64993453026,0.9590441584587096,0.1511822044849395,0.755620002746582,1.045768141746521,50000
3625.025254011154,9.675384759902954,103626.42579507828,181822,0,103626.42579507828,0.629300057888031,1.8115251064300537,10000,107267.26124811172,0.9601402878761292,0.1472695022821426,0.7553399801254272,1.04620361328125,50000
3642.0623528957367,9.740794658660889,104136.52725696564,182710,0,104136.52725696564,0.6297000050544739,1.808513164520264,10000,107794.4951865673,0.959382951259613,0.149578183889389,0.7560399770736694,1.0453203916549685,50000
3658.892662525177,9.803327083587646,104646.61532020567,183597,0,104646.61532020567,0.6312000155448914,1.81120240688324,10000,108321.50679540634,0.9593430757522584,0.1473341137170791,0.7559399604797363,1.0449209213256836,50000
3675.814325809479,9.869988679885864,105156.94083046912,184483,0,105156.94083046912,0.6308000087738037,1.81028151512146,10000,108848.85078167915,0.9605787396430968,0.1463820785284042,0.7562999725341797,1.0448747873306274,50000
3692.531485080719,9.937365293502808,105667.1668844223,185372,0,105667.1668844223,0.6299000382423401,1.8129117488861084,10000,109375.8924369812,0.9610769748687744,0.146494060754776,0.7561999559402466,1.0454332828521729,50000
3709.540706157684,10.003127336502075,106177.63635706902,186260,0,106177.63635706902,0.6304000020027161,1.8095659017562864,10000,109903.46674656868,0.961535394191742,0.1461020112037658,0.755620002746582,1.044793725013733,50000
3726.759178638458,10.07028079032898,106687.74527621268,187080,0,106687.74527621268,0.0215000007301569,6.142777442932129,10000,110430.89019489288,0.0314891561865806,5.9545111656188965,0.030919998884201,5.993234157562256,50000
3744.051759243012,10.13958215713501,107197.9282500744,187961,0,107197.9282500744,0.0875000059604644,5.1822896003723145,10000,110958.464864254,0.1307597160339355,4.615978717803955,0.1133200004696846,4.7652106285095215,50000
3761.130982875824,10.206114053726196,107708.00817155838,188839,0,107708.00817155838,0.164900004863739,4.409102439880371,10000,111485.72132444382,0.2401347160339355,3.733032703399658,0.223140001296997,3.849176406860352,50000
3778.243933439255,10.274321556091309,108218.39362168312,189720,0,108218.39362168312,0.2247000038623809,3.8969814777374254,10000,112013.3177537918,0.3319515287876129,3.103566646575928,0.3034400045871734,3.2860302925109863,50000
3795.8183188438416,10.341456174850464,108728.30379223824,190597,0,108728.30379223824,0.2998000085353851,3.424727201461792,10000,112540.89966058733,0.4290098845958709,2.545650243759156,0.3984799981117248,2.714508295059204,50000
3813.22141289711,10.402876138687134,109238.42676520348,191475,0,109238.42676520348,0.3538000285625458,3.108603239059448,10000,113068.5172905922,0.4922672212123871,2.2024788856506348,0.4586399793624878,2.4062387943267822,50000
3830.3550045490265,10.475749254226685,109748.39483261108,192356,0,109748.39483261108,0.3772000074386596,2.967159032821656,10000,113595.72142529488,0.5387635231018066,1.943136215209961,0.4950799942016601,2.206782579421997,50000
3847.6410360336304,10.54307246208191,110258.68370127678,193237,0,110258.68370127678,0.4124000072479248,2.775086164474488,10000,114123.39353656767,0.5764707922935486,1.7829397916793823,0.5330199599266052,2.006630182266236,50000
3864.726696968079,10.61265754699707,110768.73322916032,194119,0,110768.73322916032,0.4342000186443329,2.6717336177825928,10000,114650.62793016434,0.6062061190605164,1.636849045753479,0.5558199882507324,1.895604372024536,50000
3881.808700323105,10.681721210479736,111278.87419438362,194992,0,111278.87419438362,0.4434000253677368,2.6063148975372314,10000,115177.95021510124,0.6294642686843872,1.5295330286026,0.5644999742507935,1.8616375923156736,50000
3899.173835992813,10.75359296798706,111789.12276816368,195872,0,111789.12276816368,0.4518000185489654,2.538810968399048,10000,115705.66544437408,0.6260363459587097,1.5323015451431274,0.5802599787712097,1.777864933013916,50000
3916.523279905319,10.825324773788452,112299.18958973885,196752,0,112299.18958973885,0.4494000077247619,2.5448689460754395,10000,116233.18294358252,0.6363400816917419,1.4756402969360352,0.583299994468689,1.7712206840515137,50000
3933.713557958603,10.894173383712769,112809.35946846008,197631,0,112809.35946846008,0.4729000329971313,2.444931507110596,10000,116760.64219903946,0.6648596525192261,1.3500946760177612,0.5955199599266052,1.705736517906189,50000
3951.0228366851807,10.961325645446776,113319.58023047449,198503,0,113319.58023047449,0.4852000176906585,2.3950531482696533,10000,117288.26925635338,0.6696627736091614,1.325595498085022,0.6146199703216553,1.622744917869568,50000
3968.408588886261,11.030699968338013,113829.73101449011,199385,0,113829.73101449011,0.4809000194072723,2.426168918609619,10000,117815.9049232006,0.6744260191917419,1.303594708442688,0.6085999608039856,1.6554054021835327,50000
3985.548932313919,11.107396841049194,114339.6799674034,200265,0,114339.6799674034,0.4937000274658203,2.338960647583008,10000,118343.10083818436,0.7072106003761292,1.1674838066101074,0.6262399554252625,1.5666940212249756,50000
4002.804819583893,11.177181005477903,114850.01316308977,201146,0,114850.01316308977,0.4932000339031219,2.362158298492432,10000,118870.78926420212,0.6781130433082581,1.2877932786941528,0.6167799830436707,1.608521580696106,50000
4019.942499637604,11.248173713684082,115360.33736395836,202027,0,115360.33736395836,0.4881000220775604,2.3649017810821533,10000,119398.35542654993,0.694355845451355,1.1948350667953491,0.6276599764823914,1.561064600944519,50000
4037.612265825272,11.32202410697937,115870.45143580437,202907,0,115870.45143580437,0.5046000480651855,2.2834293842315674,10000,119926.24358320236,0.7172951102256775,1.1031286716461182,0.6371999979019165,1.5141260623931885,50000
4054.904630899429,11.398503303527832,116380.43001675606,203786,0,116380.43001675606,0.5053000450134277,2.3051445484161377,10000,120453.6213581562,0.7044204473495483,1.1602166891098022,0.631119966506958,1.5432305335998535,50000
4072.5749311447134,11.477602243423462,116890.65155506134,204666,0,116890.65155506134,0.5103999972343445,2.2940707206726074,10000,120981.62260317802,0.7126315236091614,1.1247756481170654,0.6390599608421326,1.5232336521148682,50000
4089.80974817276,11.550101280212402,117400.99319171906,205546,0,117400.99319171906,0.5148000121116638,2.2466752529144287,10000,121509.30138325693,0.7378029227256775,1.0199021100997925,0.6457399725914001,1.4679348468780518,50000
4107.050896167755,11.624061584472656,117911.145591259,206427,0,117911.145591259,0.5169000029563904,2.229087829589844,10000,122036.79850912094,0.7221978306770325,1.0970922708511353,0.6462999582290649,1.4737160205841064,50000
4124.458335638046,11.710026502609251,118421.21486449242,207306,0,118421.21486449242,0.5128000378608704,2.259671211242676,10000,122564.39139270782,0.7245097160339355,1.0696102380752563,0.6465199589729309,1.4689043760299685,50000
4141.850998401642,11.785150051116943,118931.34291648863,208186,0,118931.34291648863,0.5283000469207764,2.209888696670532,10000,123092.01750731468,0.7478076815605164,0.961866021156311,0.6556800007820129,1.4453493356704712,50000
4158.89634513855,11.857021808624268,119441.6112587452,209068,0,119441.6112587452,0.5297000408172607,2.183671474456787,10000,123619.4335758686,0.73441481590271,1.018092155456543,0.6583799719810486,1.4213018417358398,50000
4176.07199883461,11.931052684783936,119951.87638115884,209949,0,119951.87638115884,0.5199000239372253,2.205940008163452,10000,124146.97811222076,0.7361885905265808,1.0220869779586792,0.6484799981117249,1.4627727270126345,50000
4193.252007007599,12.001190900802612,120461.79715251924,210830,0,120461.79715251924,0.5263000130653381,2.2296292781829834,10000,124674.17956018448,0.7567761540412903,0.920780062675476,0.6572799682617188,1.428580403327942,50000
4211.166749715805,12.075600385665894,120971.79668450356,211710,0,120971.79668450356,0.52920001745224,2.1776068210601807,10000,125202.19796347618,0.741629421710968,0.9858822226524352,0.6584199666976929,1.4217108488082886,50000
4228.364757061005,12.136331796646118,121481.97213482855,212591,0,121481.97213482855,0.5321000218391418,2.167787313461304,10000,125729.66217422484,0.7559789419174194,0.9356741309165956,0.6638599634170532,1.3852459192276,50000
4245.657474040985,12.21757459640503,121992.01956486702,213462,0,121992.01956486702,0.5343000292778015,2.160685062408448,10000,126257.11336708067,0.7709861397743225,0.8587470650672913,0.6660400032997131,1.387863278388977,50000
4263.10263466835,12.293825387954712,122502.45374321938,214342,0,122502.45374321938,0.5375000238418579,2.169075727462769,10000,126785.09882330894,0.7557398080825806,0.9435467720031738,0.6639800071716309,1.4027416706085205,50000
4280.296215772629,12.36626935005188,123012.64895296095,215223,0,123012.64895296095,0.5355000495910645,2.149743795394897,10000,127312.59011769296,0.7607023119926453,0.9055528044700624,0.6661399602890015,1.3831087350845337,50000
4297.493299245834,12.443036317825316,123522.60317134856,216104,0,123522.60317134856,0.5351000428199768,2.152191638946533,10000,127839.8483850956,0.7800342440605164,0.8243057131767273,0.6681999564170837,1.377589464187622,50000
4314.652915477753,12.559306144714355,124032.81433558464,216985,0,124032.81433558464,0.5386000275611877,2.15450406074524,10000,128367.36604356766,0.75589919090271,0.9238731861114502,0.6696400046348572,1.37704336643219,50000
4331.965895652771,12.634958505630491,124542.77951645853,217863,0,124542.77951645853,0.536300003528595,2.1838066577911377,10000,128894.75057458878,0.7573939561843872,0.9126344323158264,0.6599599719047546,1.4144231081008911,50000
4349.160804986954,12.710333824157717,125053.1695702076,218744,0,125053.1695702076,0.5398000478744507,2.17481017112732,10000,129422.44103121758,0.7785395383834839,0.8303057551383972,0.6668999791145325,1.3846969604492188,50000
4366.539495944977,12.790090084075928,125563.12550139429,219623,0,125563.12550139429,0.544700026512146,2.1245672702789307,10000,129949.88543200491,0.7679567933082581,0.8798060417175293,0.6728399991989136,1.354501485824585,50000
4383.920108556747,12.863425016403198,126073.14546489716,220503,0,126073.14546489716,0.5348000526428223,2.1496329307556152,10000,130477.38929700851,0.7629743218421936,0.8969157934188843,0.6614599823951721,1.4028546810150146,50000
4401.160429239273,12.939802408218384,126583.56688714027,221375,0,126583.56688714027,0.5421000123023987,2.1317453384399414,10000,131005.15716362,0.7915537357330322,0.7740786075592041,0.6702799797058105,1.3649709224700928,50000
4418.243563175201,13.0172221660614,127093.46540617944,222255,0,127093.46540617944,0.5389000177383423,2.13364315032959,10000,131532.24623155594,0.7702088356018066,0.8792353272438049,0.6711999773979187,1.3547024726867676,50000
4435.522041797638,13.107962131500244,127603.91192269324,223136,0,127603.91192269324,0.5481000542640686,2.1213033199310303,10000,132060.09205913544,0.7792171239852905,0.8272650241851807,0.672819972038269,1.362060785293579,50000
4452.844646930695,13.191744804382324,128114.08984327316,224016,0,128114.08984327316,0.5468000173568726,2.1499063968658447,10000,132587.7066245079,0.7954201102256775,0.7534319162368774,0.6767399907112122,1.348982334136963,50000
4469.883946657181,13.266112565994264,128624.54384851456,224896,0,128624.54384851456,0.5433000326156616,2.1386914253234863,10000,133115.30512285233,0.7724409699440002,0.8462690711021423,0.6726799607276917,1.3668372631072998,50000
4487.092751502991,13.34106421470642,129134.54780769348,225775,0,129134.54780769348,0.5355000495910645,2.170764207839966,10000,133642.62328743935,0.7734375,0.8585638403892517,0.6636399626731873,1.405757188796997,50000
4505.060276269913,13.421929121017456,129644.57501864432,226652,0,129644.57501864432,0.5393000245094299,2.154240369796753,10000,134170.72977161407,0.7917729616165161,0.7724642157554626,0.666979968547821,1.387067437171936,50000
4522.366699934006,13.499754667282104,130155.03303217888,227533,0,130155.03303217888,0.5496000051498413,2.1294808387756348,10000,134698.6019437313,0.7803930044174194,0.8178234100341797,0.6767599582672119,1.3385183811187744,50000
4539.612726926804,13.575398206710815,130665.43884301186,228413,0,130665.43884301186,0.5458000302314758,2.110630750656128,10000,135226.35924839973,0.7882652878761292,0.7854325771331787,0.6782199740409851,1.327391505241394,50000
4556.6288850307465,13.6509268283844,131175.67058873177,229286,0,131175.67058873177,0.5509000420570374,2.1135294437408447,10000,135753.71229195595,0.8105069994926453,0.7065551280975342,0.6782000064849854,1.3306115865707395,50000
4573.838435649872,13.72720432281494,131685.86039304733,230167,0,131685.86039304733,0.539900004863739,2.153730869293213,10000,136281.21799993515,0.7751713991165161,0.8459785580635071,0.6746999621391296,1.362310767173767,50000
4591.010747909546,14.678092241287231,132194.96897435188,231045,0,132194.96897435188,0.5498000383377075,2.0812742710113525,10000,136808.47946929932,0.7943040132522583,0.7597943544387817,0.6843599677085876,1.3020198345184326,50000
4608.431520700455,14.756272792816162,132705.30889248848,231926,0,132705.30889248848,0.5327000021934509,2.23705530166626,10000,137336.3484108448,0.7802335619926453,0.8243101835250854,0.6563799977302551,1.450492024421692,50000
4625.6922397613525,14.836338758468628,133215.45522904396,232808,0,133215.45522904396,0.5551000237464905,2.112635612487793,10000,137863.8654475212,0.7854352593421936,0.7962344288825989,0.6830799579620361,1.3226301670074463,50000
4642.917193412781,14.91486406326294,133725.63033986092,233689,0,133725.63033986092,0.5467000007629395,2.098494529724121,10000,138391.37377762794,0.7964763641357422,0.7473056316375732,0.6791200041770935,1.3369438648223877,50000
4660.05112361908,14.991268873214722,134235.86276769638,234567,0,134235.86276769638,0.5448000431060791,2.111830472946167,10000,138918.84691476822,0.8120017647743225,0.6954420804977417,0.6779800057411194,1.332788586616516,50000
4677.202493429184,15.070483684539797,134745.780272007,235447,0,134745.780272007,0.5488000512123108,2.118391752243042,10000,139446.02524375916,0.7904974222183228,0.7717472910881042,0.6796999573707581,1.3232253789901731,50000
4694.3444175720215,15.148346185684204,135255.72518324852,236328,0,135255.72518324852,0.5548000335693359,2.115362405776977,10000,139973.22045493126,0.8014788031578064,0.7353602051734924,0.679419994354248,1.3342357873916626,50000
4711.475911855698,15.226969957351685,135765.85997915268,237211,0,135765.85997915268,0.5527000427246094,2.122728109359741,10000,140500.59522891045,0.8210299611091614,0.6543388366699219,0.6820799708366394,1.3170874118804932,50000
4728.68296122551,15.303942441940308,136276.10389328003,238092,0,136276.10389328003,0.5544000267982483,2.116309642791748,10000,141028.1532421112,0.7975525856018066,0.749042272567749,0.6844199895858765,1.323980689048767,50000
4745.838160276413,15.386476278305054,136786.46473646164,238965,0,136786.46473646164,0.5458000302314758,2.1413371562957764,10000,141555.7821137905,0.8005221486091614,0.733718752861023,0.679919958114624,1.3409984111785889,50000
4762.965903043747,15.46576714515686,137296.5944390297,239844,0,137296.5944390297,0.554900050163269,2.104077339172364,10000,142083.14920020103,0.8314931392669678,0.6115087270736694,0.6878600120544434,1.3032351732254028,50000
4780.149651050568,15.545768976211548,137806.54598617554,240725,0,137806.54598617554,0.5473999977111816,2.130974769592285,10000,142610.39442038536,0.793965220451355,0.7489293217658997,0.6819799542427063,1.3336973190307615,50000
4797.30548286438,15.625465631484984,138316.53337025642,241605,0,138316.53337025642,0.550000011920929,2.118494987487793,10000,143137.64705348015,0.8088727593421936,0.6990951299667358,0.6839999556541443,1.3003785610198977,50000
4814.626929521561,15.70337414741516,138826.6807615757,242477,0,138826.6807615757,0.5537000298500061,2.118699789047241,10000,143665.22399878502,0.8295798897743225,0.6127161383628845,0.6825000047683716,1.3193496465682983,50000
4831.817559719086,15.793522834777832,139336.9982740879,243359,0,139336.9982740879,0.5502000451087952,2.116637945175171,10000,144192.85260629654,0.7971938848495483,0.7436346411705017,0.6806399822235107,1.3324737548828125,50000
4849.015949726105,15.886618614196776,139847.19699335098,244239,0,139847.19699335098,0.5481000542640686,2.1098320484161377,10000,144720.3727350235,0.8069993257522583,0.7095470428466797,0.6790199875831604,1.3382341861724854,50000
4866.181234836578,15.973564863204956,140357.40847444534,245119,0,140357.40847444534,0.5597000122070312,2.1041259765625,10000,145247.86638879776,0.833027720451355,0.5984345078468323,0.6868999600410461,1.304534673690796,50000
4883.315857887268,16.052692651748657,140867.75254893303,246000,0,140867.75254893303,0.5515000224113464,2.1278860569000244,10000,145775.4539525509,0.8100286722183228,0.6946533918380737,0.6872599720954895,1.3032020330429075,50000
4900.640518188477,16.137062072753906,141377.9057636261,246880,0,141377.9057636261,0.5550000071525574,2.103738784790039,10000,146303.04614567757,0.8082548975944519,0.6977034211158752,0.6828199625015259,1.325580596923828,50000
4917.773224592209,16.21363854408264,141888.03619122505,247759,0,141888.03619122505,0.5461000204086304,2.127101421356201,10000,146830.41581463814,0.8401426672935486,0.5823752284049988,0.6867199540138245,1.3109147548675537,50000
4934.887058496475,16.3051700592041,142398.07121372223,248640,0,142398.07121372223,0.5578000545501709,2.089085340499878,10000,147357.68631219864,0.8098094463348389,0.6922476291656494,0.68777996301651,1.3052473068237305,50000
4952.672158002853,16.3915011882782,142908.170235157,249520,0,142908.170235157,0.5579000115394592,2.1011552810668945,10000,147885.6872742176,0.8190170526504517,0.6547999978065491,0.6888999938964844,1.3078336715698242,50000
4969.940400600433,16.47691297531128,143418.31051063538,250400,0,143418.31051063538,0.5581000447273254,2.0872812271118164,10000,148413.21110868454,0.8455635905265808,0.5635486841201782,0.6918799877166748,1.2928731441497805,50000
4986.9681577682495,16.56274724006653,143928.4090051651,251280,0,143928.4090051651,0.553600013256073,2.094059705734253,10000,148940.4532752037,0.809968888759613,0.6917873024940491,0.6860199570655823,1.3156288862228394,50000
5004.013763427734,16.648946285247803,144438.64308691025,252160,0,144438.64308691025,0.5605000257492065,2.09314513206482,10000,149467.848747015,0.8230627775192261,0.6398866772651672,0.6941399574279785,1.2978044748306274,50000
5021.207764148712,16.73186469078064,144948.81950044632,253042,0,144948.81950044632,0.5436000227928162,2.1322617530822754,10000,149995.33205842972,0.8483338356018066,0.5533902049064636,0.6859399676322937,1.3117468357086182,50000
5038.373157501221,16.81372618675232,145458.93014001846,253923,0,145458.93014001846,0.5547000169754028,2.1626884937286377,10000,150522.71979236603,0.8044283986091614,0.7167547345161438,0.6819999814033508,1.3507390022277832,50000
5055.545234203339,16.896013498306274,145969.28341794014,254801,0,145969.28341794014,0.5609000325202942,2.072238683700561,10000,151050.3573949337,0.8304567933082581,0.607851505279541,0.6957399845123291,1.26650869846344,50000
5072.641410112381,16.97753930091858,146479.7385878563,255684,0,146479.7385878563,0.5537000298500061,2.1257572174072266,10000,151578.0201342106,0.8487722873687744,0.5464808940887451,0.6847800016403198,1.328010082244873,50000
5089.837230205536,17.060877084732056,146989.89177632332,256565,0,146989.89177632332,0.5633000135421753,2.11040997505188,10000,152105.4822781086,0.8226044178009033,0.6371799111366272,0.6932799816131592,1.2932870388031006,50000
5107.003197669983,17.143651008605957,147499.97060465813,257444,0,147499.97060465813,0.5542000532150269,2.1175007820129395,10000,152632.84016633034,0.8203921914100647,0.6361956000328064,0.6834999918937683,1.3389863967895508,50000
5124.104911088944,17.225632190704346,148010.0128519535,258323,0,148010.0128519535,0.5608000159263611,2.093479633331299,10000,153160.0963013172,0.8566246628761292,0.5172576308250427,0.6876400113105774,1.3114558458328247,50000
5141.260859251022,17.352232694625854,148520.08332037926,259202,0,148520.08332037926,0.5680000185966492,2.063009262084961,10000,153687.47946810722,0.8293805718421936,0.6098846197128296,0.6962400078773499,1.2777605056762695,50000
5158.242570638657,17.438385009765625,149030.2339270115,260073,0,149030.2339270115,0.5636000037193298,2.0695040225982666,10000,154214.7276036739,0.8406010866165161,0.5755383968353271,0.6945399641990662,1.278773069381714,50000
5175.262607097626,17.520426273345947,149540.92225956917,260954,0,149540.92225956917,0.5614000558853149,2.115708589553833,10000,154742.54787945747,0.8592952489852905,0.5037366151809692,0.6874399781227112,1.3203599452972412,50000
5192.438030958176,17.603939294815063,150050.97842645645,261835,0,150050.97842645645,0.5565000176429749,2.155614137649536,10000,155269.89238405228,0.8220862150192261,0.6435953378677368,0.6870599985122681,1.3354523181915283,50000
5209.671516656876,17.6856050491333,150561.45296907425,262716,0,150561.45296907425,0.5642000436782837,2.0886166095733643,10000,155797.71189522743,0.8401626348495483,0.57012939453125,0.6947999596595764,1.2858562469482422,50000
5226.617316007614,17.769289016723633,151071.51169991493,263596,0,151071.51169991493,0.5605000257492065,2.1012723445892334,10000,156324.83043766022,0.8702766299247742,0.4640734493732452,0.6955999732017517,1.291340470314026,50000
5243.688367366791,17.85465407371521,151581.5003876686,264475,0,151581.5003876686,0.5675000548362732,2.093345642089844,10000,156852.00562620163,0.8363958597183228,0.5768383741378784,0.6961599588394165,1.2822219133377075,50000
5260.742847919464,17.94279170036316,152091.61364722252,265347,0,152091.61364722252,0.5611000061035156,2.085169076919556,10000,157379.2913506031,0.8450454473495483,0.5462755560874939,0.6933000087738037,1.2925657033920288,50000
5278.064574241638,18.85885977745056,152601.22514128685,266226,0,152601.22514128685,0.5653000473976135,2.1027536392211914,10000,157907.17103934288,0.8760363459587097,0.4365448653697967,0.6924399733543396,1.31866455078125,50000
5295.23879814148,18.94323420524597,153111.1168153286,267107,0,153111.1168153286,0.5648000240325928,2.1035213470458984,10000,158434.35159230232,0.8292610049247742,0.6057839393615723,0.6922000050544739,1.3178366422653198,50000
5312.510086536408,19.028350114822388,153621.23270964622,267986,0,153621.23270964622,0.5605000257492065,2.064774751663208,10000,158961.85363078117,0.8510442972183228,0.5285943150520325,0.6970999836921692,1.2664575576782229,50000
5329.698293447495,19.11662578582764,154131.31938385963,268864,0,154131.31938385963,0.55840003490448,2.121678113937378,10000,159489.24704289436,0.8741031289100647,0.4490386247634887,0.6938799619674683,1.295517086982727,50000
5346.798397064209,19.202109575271606,154641.6093838215,269743,0,154641.6093838215,0.5743000507354736,2.097369432449341,10000,160016.75294160843,0.8465800285339355,0.5392820835113525,0.6987199783325195,1.279904842376709,50000
5363.964813709259,19.29660630226136,155151.6380431652,270625,0,155151.6380431652,0.5624000430107117,2.076088190078736,10000,160544.07202124596,0.8505261540412903,0.535966157913208,0.696399986743927,1.280329704284668,50000
5381.974996089935,19.39153385162353,155661.9789903164,271504,0,155661.9789903164,0.5690000057220459,2.083568334579468,10000,161072.54831433296,0.8898476958274841,0.3970527648925781,0.697659969329834,1.2783913612365725,50000
5399.018431663513,19.477970123291016,156172.3878493309,272383,0,156172.3878493309,0.566100001335144,2.084458351135254,10000,161600.11740350723,0.8424146771430969,0.557564377784729,0.693839967250824,1.2930803298950195,50000
5416.209347248077,19.56686305999756,156682.52191734314,273264,0,156682.52191734314,0.5619000196456909,2.076948881149292,10000,162127.5610818863,0.8563855290412903,0.5107359290122986,0.6969199776649475,1.2734779119491575,50000
5433.2742421627045,19.65259099006653,157192.68464279175,274144,0,157192.68464279175,0.5539000034332275,2.1338891983032227,10000,162654.90483260155,0.8876155614852905,0.407446026802063,0.693399965763092,1.291736721992493,50000
5450.862857580185,19.73814368247986,157702.94761013985,275025,0,157702.94761013985,0.5652000308036804,2.1098201274871826,10000,163182.87224197388,0.8426538705825806,0.5486620664596558,0.6931399703025818,1.3100239038467407,50000
5467.928625822067,19.832250356674194,158213.1828596592,275904,0,158213.1828596592,0.5763000249862671,2.054187774658203,10000,163710.29820418358,0.8561862111091614,0.5064090490341187,0.70169997215271,1.2703067064285278,50000
5485.103385925293,19.91656184196472,158723.17542481422,276783,0,158723.17542481422,0.5662000179290771,2.1099507808685303,10000,164237.58045959473,0.8914819359779358,0.3939628601074219,0.6955599784851074,1.295339822769165,50000
5502.183474779129,20.00877523422241,159233.55981087685,277664,0,159233.55981087685,0.5768000483512878,2.046459197998047,10000,164765.1673283577,0.8590361475944519,0.4925991296768188,0.7045599818229675,1.254071831703186,50000
5519.4182114601135,20.095608472824097,159743.57109737396,278544,0,159743.57109737396,0.5707000494003296,2.0926172733306885,10000,165292.53050899506,0.867207407951355,0.4632139205932617,0.6984800100326538,1.275394320487976,50000
5536.487419843674,20.18398952484131,160253.8141810894,279425,0,160253.8141810894,0.5732000470161438,2.0917000770568848,10000,165819.9614906311,0.8965441584587097,0.3721485435962677,0.699400007724762,1.2874377965927124,50000
5553.505881309509,20.272446155548096,160763.7957932949,280296,0,160763.7957932949,0.5732000470161438,2.0616202354431152,10000,166347.07992887497,0.859793484210968,0.490830510854721,0.7043399810791016,1.2692081928253174,50000
5570.612841844559,20.36203026771545,161274.11690163612,281178,0,161274.11690163612,0.572700023651123,2.090043783187866,10000,166874.62733387947,0.8704360723495483,0.4494015872478485,0.6998199820518494,1.271819233894348,50000
5587.603613615036,20.45309495925904,161784.20832657814,282051,0,161784.20832657814,0.5733000040054321,2.062183380126953,10000,167401.83043456078,0.8853435516357422,0.411185085773468,0.7007399797439575,1.2736467123031616,50000
5604.668280124664,20.541261434555054,162294.5814845562,282931,0,162294.5814845562,0.5702000260353088,2.077169895172119,10000,167929.38667798042,0.863301157951355,0.4869599044322967,0.6997599601745605,1.281389832496643,50000
5621.840101480484,20.63183069229126,162805.03185009956,283812,0,162805.03185009956,0.5707000494003296,2.067748546600342,10000,168457.13002562523,0.8766940236091614,0.4392711818218231,0.6990199685096741,1.275475025177002,50000
5639.024037599564,20.71561479568481,163314.95745396614,284692,0,163314.95745396614,0.5670000314712524,2.105318546295166,10000,168984.3534770012,0.8786072731018066,0.4311665296554565,0.6981199979782104,1.284878849983215,50000
5656.395018815994,20.80625605583191,163825.03821349144,285573,0,163825.03821349144,0.5687000155448914,2.136803150177002,10000,169511.92616438866,0.8607102632522583,0.4798827171325683,0.6943999528884888,1.3131848573684692,50000
5673.332252025604,20.9232714176178,164335.28484487534,286452,0,164335.28484487534,0.5725000500679016,2.09600567817688,10000,170039.25764775276,0.8735451102256775,0.43776336312294,0.6985999941825867,1.2909575700759888,50000
5690.416290044785,21.014932870864868,164845.71219420433,287326,0,164845.71219420433,0.5679000020027161,2.1037843227386475,10000,170566.89292550087,0.8782883882522583,0.4261325001716614,0.6998800039291382,1.2770329713821411,50000
5707.5682582855225,21.104464292526245,165355.75248789787,288205,0,165355.75248789787,0.5748000144958496,2.110448837280273,10000,171094.20465946198,0.8688815236091614,0.450226753950119,0.7021600008010864,1.2731478214263916,50000
5724.591267824173,21.19185900688172,165865.77231383324,289086,0,165865.77231383324,0.5694000124931335,2.163379907608032,10000,171621.36474323273,0.8817163109779358,0.4091423749923706,0.7005599737167358,1.2987631559371948,50000
5742.087787151337,21.27954697608948,166375.87948703766,289969,0,166375.87948703766,0.5800999999046326,2.120697021484375,10000,172149.08572626114,0.8794642686843872,0.418252557516098,0.702299952507019,1.2988780736923218,50000
5759.065475702286,21.37175941467285,166886.22249865532,290852,0,166886.22249865532,0.5698000192642212,2.1578023433685303,10000,172676.5286231041,0.8725087642669678,0.4354510307312011,0.7018399834632874,1.2981154918670654,50000
5776.0965304374695,21.462484121322632,167396.43591046333,291734,0,167396.43591046333,0.5690000057220459,2.139265298843384,10000,173203.89419698715,0.8891900181770325,0.3817214369773865,0.7046799659729004,1.27224600315094,50000
5793.047047376633,21.55041742324829,167906.48370671272,292614,0,167906.48370671272,0.5791000127792358,2.112874746322632,10000,173731.01027965546,0.88968825340271,0.379840224981308,0.707099974155426,1.2847280502319336,50000
5810.21172618866,21.641138553619385,168416.79184770584,293493,0,168416.79184770584,0.5714000463485718,2.159574031829834,10000,174258.60428714752,0.8772121667861938,0.4242531955242157,0.7021399736404419,1.3079887628555298,50000
5827.926244258881,21.734874963760376,168927.19013929367,294373,0,168927.19013929367,0.576200008392334,2.101515769958496,10000,174786.84107732773,0.8895089030265808,0.3823519647121429,0.7028599977493286,1.2943848371505735,50000
5844.944405555725,21.823320627212524,169437.34003186226,295246,0,169437.34003186226,0.5675000548362732,2.156393527984619,10000,175314.1274228096,0.8697783350944519,0.4460024833679199,0.6978600025177002,1.3088723421096802,50000
5862.034180164337,21.91491842269897,169947.82055735588,296125,0,169947.82055735588,0.5741000175476074,2.125850200653076,10000,175841.8198184967,0.8833705186843872,0.4008578062057495,0.7031399607658386,1.2864564657211304,50000
5878.925049781799,21.990785121917725,170458.1727991104,297007,0,170458.1727991104,0.5701000094413757,2.142893552780152,10000,176369.1683638096,0.8951291441917419,0.3614179491996765,0.7020800113677979,1.3136497735977173,50000
5895.939152479172,22.084174394607544,170968.08851099014,297887,0,170968.08851099014,0.5722000002861023,2.12890625,10000,176896.22169852257,0.8892099857330322,0.3787388205528259,0.7045999765396118,1.2854697704315186,50000
5913.179955244064,22.17552161216736,171478.21767950058,298766,0,171478.21767950058,0.5745000243186951,2.126185178756714,10000,177423.71344351768,0.8880341053009033,0.3800407946109772,0.7020800113677979,1.295604944229126,50000
5930.320424318314,22.269960165023804,171988.1297428608,299646,0,171988.1297428608,0.579800009727478,2.1466381549835205,10000,177950.8904016018,0.9017258882522584,0.3372388482093811,0.7062999606132507,1.2935030460357666,50000
5947.393110990524,22.36628746986389,172498.33111691475,300526,0,172498.33111691475,0.5782000422477722,2.1106719970703125,10000,178478.2911324501,0.894949734210968,0.3601669669151306,0.7093999981880188,1.262321710586548,50000
5964.474116325378,22.45962905883789,173008.58446860313,301407,0,173008.58446860313,0.5758000016212463,2.158316135406494,10000,179005.74921751022,0.8938137292861938,0.3622300922870636,0.7051999568939209,1.297425389289856,50000
5981.545079708099,22.55398750305176,173518.92434620857,302288,0,173518.92434620857,0.5758000016212463,2.202610969543457,10000,179533.28469634056,0.9051538109779358,0.3227777481079101,0.7076399922370911,1.306343674659729,50000
5998.418890714645,22.648045778274536,174028.9998781681,303170,0,174028.9998781681,0.5726000070571899,2.169973850250244,10000,180060.35842227936,0.8934151530265808,0.3608496189117431,0.7061600089073181,1.2990779876708984,50000
6015.529218912125,22.74107980728149,174539.42823314667,304053,0,174539.42823314667,0.5718000531196594,2.146059274673462,10000,180588.0206260681,0.905054211616516,0.3280509710311889,0.7070800065994263,1.2840408086776731,50000
6032.473850250244,22.837573289871216,175049.34764146805,304936,0,175049.34764146805,0.5726000070571899,2.12901258468628,10000,181115.01149630547,0.9110530614852904,0.306063562631607,0.7056199908256531,1.2788649797439575,50000
6049.447326898575,22.95052075386048,175559.72867679596,305819,0,175559.72867679596,0.5771000385284424,2.128804445266724,10000,181642.50910544395,0.9043566584587096,0.3293295502662658,0.7100799679756165,1.27139413356781,50000
6066.431605100632,23.04290223121643,176070.04761266708,306701,0,176070.04761266708,0.5791000127792358,2.126086950302124,10000,182169.93441224087,0.9040178656578064,0.322258323431015,0.7081800103187561,1.281442642211914,50000
6083.480527877808,23.134519815444943,176580.37511849403,307582,0,176580.37511849403,0.5856000185012817,2.1313488483428955,10000,182697.43262290955,0.9204001426696776,0.2712561190128326,0.7116199731826782,1.2877737283706665,50000
6100.47661280632,23.227866172790527,177090.66855716705,308462,0,177090.66855716705,0.58160001039505,2.11607313156128,10000,183224.8465309143,0.9113121628761292,0.2997609972953796,0.7119999527931213,1.2720041275024414,50000
6117.585225343704,23.34226131439209,177600.8075516224,309342,0,177600.8075516224,0.5838000178337097,2.0993075370788574,10000,183752.238553524,0.9190250039100648,0.2745136022567749,0.713379979133606,1.2595665454864502,50000
6134.815732479096,23.43429970741272,178110.91272950172,310222,0,178110.91272950172,0.5814000368118286,2.160167932510376,10000,184279.6967945099,0.9302654266357422,0.2407573014497757,0.7142399549484253,1.284016728401184,50000
6151.903515338898,23.528833866119385,178621.04603266716,311103,0,178621.04603266716,0.5803000330924988,2.124704122543335,10000,184807.04242563248,0.9159358739852904,0.2913492619991302,0.7120199799537659,1.270317554473877,50000
6168.993494510651,23.62545871734619,179131.38437867165,311986,0,179131.38437867165,0.5815000534057617,2.12952208518982,10000,185334.59787797928,0.9170918464660645,0.2860790193080902,0.7087399959564209,1.2894127368927002,50000
6186.0955286026,23.72384262084961,179641.27585172653,312865,0,179641.27585172653,0.5800999999046326,2.149054288864136,10000,185861.72018051147,0.9312021732330322,0.2432262152433395,0.7119999527931213,1.2776676416397097,50000
6203.206002473831,23.807355403900143,180151.72657442093,313747,0,180151.72657442093,0.5843999981880188,2.1260650157928467,10000,186389.3948106765,0.9207389950752258,0.2652212679386139,0.7098599672317505,1.284201741218567,50000
6220.124863386154,23.90158247947693,180662.012364626,314629,0,180662.012364626,0.5841000080108643,2.1348044872283936,10000,186916.7235691548,0.927395522594452,0.2484691590070724,0.7125599980354309,1.276931643486023,50000
6237.1683785915375,23.99590539932251,181172.3156764508,315512,0,181172.3156764508,0.5851000547409058,2.1360740661621094,10000,187444.1957178116,0.9397720098495485,0.2107729613780975,0.7130199670791626,1.273243427276611,50000
6254.843961238861,24.089633226394653,181683.06203889847,316394,0,181683.06203889847,0.582800030708313,2.171379327774048,10000,187972.7416214943,0.9239875674247742,0.2604341804981231,0.712119996547699,1.3022900819778442,50000
6271.94892168045,24.182360410690308,182193.0309679508,317275,0,182193.0309679508,0.5866000056266785,2.1774020195007324,10000,188499.93832182884,0.931042730808258,0.2300247400999069,0.7153399586677551,1.2918221950531006,50000
6289.086791276932,24.281661987304688,182703.2846674919,318157,0,182703.2846674919,0.5837000012397766,2.144944667816162,10000,189027.4590089321,0.9426817297935486,0.1999749690294265,0.7157799601554871,1.2726054191589355,50000
6306.210515022278,24.37942099571228,183213.16836166385,319038,0,183213.16836166385,0.5832000374794006,2.149549722671509,10000,189554.5940771103,0.9302455186843872,0.2412189841270446,0.7146399617195129,1.2811992168426514,50000
6323.276273965836,24.47739624977112,183723.1948564053,319911,0,183723.1948564053,0.5860000252723694,2.113269329071045,10000,190081.81438589096,0.9346300959587096,0.2279629558324813,0.7154200077056885,1.2593713998794556,50000
6340.373411417007,24.57259726524353,184233.2842347622,320791,0,184233.2842347622,0.5841000080108643,2.1900579929351807,10000,190609.1265964508,0.9478037357330322,0.186204120516777,0.7137199640274048,1.2979588508605957,50000
6357.361054897308,24.670042276382446,184743.70887088776,321675,0,184743.70887088776,0.5840000510215759,2.171797513961792,10000,191136.666349411,0.9362444281578064,0.220770001411438,0.7178399562835693,1.2780901193618774,50000
6374.572804450989,24.764779329299927,185254.1066749096,322554,0,185254.1066749096,0.5908000469207764,2.1714959144592285,10000,191664.4012105465,0.9426618218421936,0.194084495306015,0.7158600091934204,1.2975190877914429,50000
6391.519906282425,24.86299657821656,185764.0782277584,323432,0,185764.0782277584,0.5902000069618225,2.155407667160034,10000,192191.4484434128,0.953324258327484,0.1691804826259613,0.7182599902153015,1.284730315208435,50000
6408.483110189438,24.957231044769287,186273.99937033653,324313,0,186273.99937033653,0.5877000093460083,2.1698951721191406,10000,192718.45782017708,0.9419642686843872,0.202988401055336,0.7165600061416626,1.2839257717132568,50000
6425.670944213867,25.04992389678955,186784.31352829933,325193,0,186784.31352829933,0.584600031375885,2.185602903366089,10000,193246.0827963352,0.946687638759613,0.1868766397237777,0.7168799638748169,1.2919100522994995,50000
6442.935670375824,25.14808869361877,187294.38086557388,326074,0,187294.38086557388,0.5856000185012817,2.190002918243408,10000,193773.54304862025,0.950992465019226,0.1740411818027496,0.7152400016784668,1.3006645441055298,50000
6459.918537378311,25.24231243133545,187804.2749083042,326952,0,187804.2749083042,0.589400053024292,2.162257671356201,10000,194300.54498195648,0.946109652519226,0.1898637115955352,0.7154200077056885,1.2886033058166504,50000
6476.884933948517,25.340187072753903,188314.24006438252,327827,0,188314.24006438252,0.5839000344276428,2.1926915645599365,10000,194827.60441470143,0.9471061825752258,0.1867334991693496,0.7132999897003174,1.3051222562789917,50000
6493.925033569336,25.436991214752197,188824.58190703392,328709,0,188824.58190703392,0.5867000222206116,2.195734977722168,10000,195355.11332941055,0.9577288031578064,0.15296444296836853,0.7193199992179871,1.2988109588623047,50000
